1394162536 0.0007
1394162441 0.000722
1394162219 0.00067505
1394162206 0.00071995
1394162206 0.0007199
1394161835 0.00071995
1394161807 0.000672
1394161749 0.00067011
1394161749 0.000675
1394161749 0.00067505
1394161694 0.00067505
1394161609 0.00067011
1394161495 0.00067001
1394161308 0.00068
1394161262 0.00068
1394161206 0.000724
1394161200 0.00072001
1394161200 0.00072001
1394161154 0.00072001
1394161152 0.00072001
1394161152 0.00072
1394161152 0.000718
1394161152 0.0007175
1394161152 0.0007174